9
64
61
49
62
49
22
99
52
49
88
44
22
55
96
17
18
45
52
20
40
3
98
87
61
60
58
91
99
5
61
34
65
52
49
74
87
61
87
74
82
75
80
16
34
2
67
51
34
44
73
49
42
83
23
61
56
44
85
10
65
98
45
57
38
53
94
46
98
65
38
64
8
22
43
68
22
50
73
79
5
36
14
17
44
32
16
83
33
40
61
36
35
46
65
60
89
35
72
78
28
13
55
56
8
92
24
93
45
83
10
67
5
90
86
86
23
80
25
70
42
80
68
93
76
25
67
77
54
7
95
65
37
64
17
62
79
8
15
62
8
85
97
49
61
4
14
1
38
21
50
44
88
69
80
68
2
99
69
59
77
12
40
64
96
60
57
66
93
27
28
52
70
56
79
23
40
89
77
77
26
60
14
63
67
59
44
50
21
56
24
18
66
59
5
11
37
0
11
1
55
56
4
7
32
36
88
8
40
98
19
95
94
49
59
74
48
36
49
75
99
8
56
86
62
27
93
13
29
64
54
85
79
87
46
75
73
85
60
89
80
2
72
67
39
85
34
13
25
87
57
10
69
6
4
19
63
56
9
95
4
39
76
96
71
89
35
59
2
54
14
28
84
14
32
69
44
61
90
84
68
81
46
16
73
80
2
2
74
51
87
85
17
18
99
97
45
1
73
64
43
13
87
66
32
85
96
44
2
44
74
16
35
36
16
16
47
68
4
29
16
91
90
71
61
66
12
48
63
48
2
85
22
32
19
92
47
11
7
76
29
69
97
67
52
96
13
64
34
35
55
86
99
37
14
16
59
61
42
37
15
21
10
71
58
0
46
93
3
25
18
83
96
88
20
43
77
35
35
6
31
78
6
64
61
96
44
60
72
56
75
28
23
93
47
34
89
74
8
81
7
19
4
7
55
44
83
23
0
92
17
98
33
79
19
11
12
96
2
1
67
99
97
26
9
23
39
89
71
32
96
52
63
79
33
13
23
63
26
95
79
12
76
77
57
79
72
95
66
2
99
57
9
90
93
82
79
7
69
41
97
35
35
14
15
47
17
8
24
51
36
51
48
81
31
15
98
62
54
76
57
93
16
60
65
89
11
43
92
42
45
98
39
35
81
4
7
31
92
77
33
5
47
36
78
15
74
40
33
12
1
39
43
2
11
32
36
67
51
47
71
91
32
19
68
76
22
16
31
41
79
44
70
26
9
8
40
76
77
95
89
53
36
63
6
40
91
35
97
94
16
73
90
34
77
21
93
13
41
28
87
0
97
76
65
24
70
69
40
27
40
5
31
56
41
24
40
43
60
9
1
37
79
26
0
92
4
92
29
64
75
83
96
9
95
54
55
68
68
26
45
33
84
37
3
99
34
94
71
12
90
92
67
35
64
72
65
1
93
11
85
36
97
25
52
30
71
49
6
54
29
43
87
60
24
65
23
96
80
85
25
11
10
6
60
89
71
25
88
7
77
55
20
64
72
26
40
47
27
83
82
53
2
84
50
28
1
14
58
37
51
13
81
70
75
91
20
24
56
23
23
64
35
28
39
49
75
35
0
75
19
42
58
63
19
61
93
52
81
3
94
88
82
79
59
91
94
69
22
10
98
8
53
0
44
45
45
56
52
58
40
6
61
66
67
55
52
59
58
36
78
70
28
26
14
65
14
6
41
13
43
36
2
87
86
74
66
91
71
91
84
9
9
1
15
69
16
44
17
52
44
21
20
4
55
47
91
97
96
42
38
94
58
98
92
13
86
26
31
70
48
3
31
7
49
23
52
88
86
64
89
34
99
70
13
44
43
32
93
58
64
35
5
2
87
72
76
36
93
53
62
41
65
72
57
12
45
56
8
6
65
33
85
60
99
3
91
91
85
38
64
96
90
14
28
50
27
46
89
21
55
74
12
97
97
54
26
92
22
73
28
85
8
0
13
50
8
41
53
61
53
40
79
63
42
14
65
18
90
15
4
61
92
30
67
18
61
73
93
12
78
46
23
70
31
33
20
40
78
27
51
46
14
45
27
48
64
63
7
5
59
25
37
59
12
68
17
19
37
20
75
2
67
33
1
25
71
12
72
3
13
22
10
69
57
57
8
49
52
14
70
52
19
46
92
51
19
16
74
89
20
45
92
56
15
29
35
45
52
53
23
73
49
21
41
38
41
79
46
36
98
91
59
86
45
4
73
33
65
83
52
60
42
62
4
48
12
43
55
99
49
0
26
28
31
85
96
55
35
53
29
12
94
64
1
61
66
93
83
17
